#P=0.25 I=1e-05 D=0.12
0 2.99991 0 0.5
1 -0.093336 0.147067 0
2 2.99969 0 0.5
3 1.66603 0 0.256485
4 1.26015 0 0.266344
5 1.66649 0 0.465401
6 0.902013 0 0.133775
7 1.57139 0 0.473188
8 1.16891 0 0.243941
9 1.19682 0 0.302565
10 1.46721 0 0.399265
11 1.03157 0 0.205626
12 1.53296 0 0.44342
13 1.13771 0 0.23701
14 1.31431 0 0.349782
15 1.36838 0 0.348597
16 1.12803 0 0.253175
17 1.43546 0 0.395772
18 1.20771 0 0.27461
19 1.23114 0 0.31061
20 1.37829 0 0.362245
21 1.18234 0 0.272083
22 1.30139 0 0.339646
23 1.33913 0 0.339326
24 1.12847 0 0.25685
25 1.37975 0 0.375105
26 1.28356 0 0.30936
27 1.16395 0 0.276644
28 1.40227 0 0.276644
29 1.69747 0 0.488408
30 0.891836 0 0.126292
31 1.37878 0 0.403142
32 1.4513 0 0.37154
33 0.909593 0 0.162403
34 1.54266 0 0.461647
35 1.24958 0 0.277238
36 1.14028 0 0.271966
37 1.42458 0 0.390276
38 1.1309 0 0.247496
39 1.28999 0 0.341602
40 1.33242 0 0.341602
41 1.14087 0 0.267333
42 1.34114 0 0.359333
43 1.30792 0 0.323005
44 1.1499 0 0.268524
45 1.38131 0 0.373111
46 1.15807 0 0.262739
47 1.335 0 0.354996
48 1.27627 0 0.312032
49 1.21737 0 0.297287
50 1.31385 0 0.297287
51 1.43552 0 0.385071
52 1.09507 0 0.232926
53 1.35854 0 0.371263
54 1.29803 0 0.31726
55 1.15462 0 0.271458
56 1.40056 0 0.379668
57 1.217 0 0.282235
58 1.21966 0 0.305245
59 1.36385 0 0.35828
60 1.18961 0 0.35828
61 0.970627 0 0.195479
62 1.53968 0 0.453222
63 1.21501 0 0.264803
64 1.12581 0 0.270762
65 1.46698 0 0.407699
66 1.05706 0 0.215085
67 1.30697 0 0.356744
68 1.34851 0 0.356744
69 1.04002 0 0.22798
70 1.34618 0 0.373299
71 1.28012 0 0.312117
72 1.17447 0 0.28095
73 1.33421 0 0.28095
74 1.52441 0 0.423111
75 1.06653 0 0.211698
76 1.31689 0 0.359277
77 1.3154 0 0.328684
78 1.16379 0 0.272768
79 1.29618 0 0.272768
80 1.5195 0 0.422573
81 1.07718 0 0.216227
82 1.37217 0 0.378456
83 1.3067 0 0.318832
84 1.13243 0 0.318832
85 1.14939 0 0.268482
86 1.35835 0 0.364677
87 1.20853 0 0.284167
